21802
39174
40503
34323
8947
40074
42688
60486
46349
59280
4639
7520
22553
50009
5882
15198
45771
44266
23456
15795
27478
2909
63675
14058
11139
41397
37315
62010
38423
18007
5008
39239
57898
14128
11052
22932
5424
43294
52128
45247
51116
38727
36601
64658
9371
1106
35166
43656
23882
49137
23393
20419
9287
50973
15962
39224
18207
45387
10659
20894
8584
34934
32093
17025
10764
25120
15878
60732
6653
5066
30516
39516
23939
13015
57854
2032
19981
65050
12512
46089
52976
58097
7613
58932
57947
39133
29450
56191
45492
41362
9653
58037
57525
45107
17892
31797
15341
44478
6105
18561
25207
57933
18418
29791
48520
8003
37805
32656
20315
34308
53580
30216
54360
56699
20320
41265
42284
1798
41048
8614
23842
32097
2953
63518
44519
22044
49179
38921
1766
48290
11850
58934
58146
35941
29581
23502
6870
37795
56797
10268
32482
10383
13468
31924
8376
25771
43499
30021
58155
23921
16584
12653
33961
41629
45589
2352
4837
49528
49277
14044
18566
26118
49050
47310
28669
20196
20895
34267
6241
52055
63248
54616
54221
3260
41188
13029
52951
41368
40578
17436
57393
59631
51445
38221
37668
58606
62326
57595
6356
17429
24947
9705
16461
48315
13232
30620
60835
28611
33620
57154
45494
14648
51893
23967
24687
59485
35646
19391
59145
55496
3410
65090
22814
25570
3524
55390
44608
61804
3008
30278
3339
59166
17598
29926
43043
30490
51748
46359
5985
62256
14354
1195
2226
15308
40567
30313
411
34151
1966
42324
27180
45729
35358
52711
1140
5068
1930
23348
26294
29526
9415
60569
47859
59624
53731
17704
29140
14322
5447
15897
23123
16806
3877
5135
38970
53878
9348
63946
49921
22600
30227
9284
24986
42204
44488
51874
26605
6113
29235
16835
3464
31168
36585
15927
39641
35786
61844
53701
51597
14464
49709
16932
17785
16119
5736
55062
19449
54185
31451
5366
30856
42803
60428
2148
29739
64757
62683
46640
33561
26779
51826
64065
11833
40520
9942
3877
30160
46571
50712
12470
56653
54111
11706
50341
3798
21095
26095
50815
64794
9241
38802
57283
3235
49781
56292
14937
32810
2975
43796
16955
52979
2121
10216
56586
44551
27846
26716
10538
65158
57877
57528
19704
59755
28790
18089
55088
44424
57270
55474
26233
54270
28399
41505
56618
946
52683
30843
4671
47700
61749
25583
24342
4737
58530
29774
25982
4134
35839
44592
8400
57120
57735
29735
39341
2565
20975
15510
7368
2274
45368
25141
31758
3832
57082
47533
58569
46166
39595
22066
5963
53706
35630
32813
4994
35946
59738
32670
33766
24313
10071
7866
41835
48148
61126
1005
65092
20865
49705
31754
5662
48260
53987
33075
39807
44553
22750
43090
62822
46287
5021
51412
14441
39188
649
16479
23923
61840
50095
28991
34902
14923
6531
50651
60947
44035
37234
4306
31634
41990
8869
30597
46806
61819
24164
20299
36778
33688
46668
875
28783
64853
47245
32382
64996
46101
31561
58485
39883
49327
55040
5680
9869
35469
22586
23484
60846
42128
54036
16964
2556
55282
23550
48516
50117
52309
47149
44451
6761
10795
33328
14558
15999
16240
44056
55179
13313
51975
25820
22592
290
27373
57945
35885
4825
22795
8424
14484
34795
23616
17652
36038
12436
39769
11991
56209
31285
61499
48524
3739
36340
24357
46562
2407
23774
62036
53731
31616
36519
49781
60310
60674
36741
53632
55052
51679
47094
19754
26208
62835
36172
8526
22247
54615
54588
40572
58829
36424
39
38673
25530
23661
48968
17017
63324
61407
21507
37948
32234
43760
50687
30773
2844
40950
7483
38974
24637
33793
34293
20127
65421
14862
54302
9608
32549
37340
50635
33603
59501
48741
7573
48778
18412
31968
53632
64365
55400
62855
5911
41152
13522
52845
44051
34145
49629
28119
57985
52540
39801
61325
23065
52394
5927
14215
64644
48939
45848
59019
31274
4538
44834
51912
48820
59972
45160
61933
23104
16973
38613
29523
52341
48182
64831
49774
47989
34131
58749
13170
4180
25962
33346
57574
32702
10835
23648
20534
23925
7863
45358
49238
36731
12679
38952
40840
48950
64226
32405
5995
24337
20263
56744
16436
65328
37890
49697
24631
40670
24989
6220
39719
61485
3621
33961
51201
51764
53150
29850
27766
39614
63950
39854
27730
31799
10343
7550
6644
32396
39463
37390
32182
43975
44422
1868
52321
47504
62457
17928
50121
12753
8963
24502
38776
3267
54234
54488
2445
18344
24523
11801
31853
25603
43791
25735
11299
64849
40357
60377
14755
48423
48142
7347
57693
480
29996
24775
43426
2198
37047
10102
52935
31291
51065
56246
60050
58323
7579
58281
13603
3330
38027
62385
42710
56516
18153
35363
18279
48220
58008
23189
40571
17084
46310
26556
16330
41190
26570
60908
152
26753
1786
30258
26723
6938
40214
8004
15064
41179
32185
36406
39017
39626
15934
380
42189
11614
9597
42297
6686
44710
26
50343
54205
52612
25707
35273
35053
42965
29627
11912
29450
39500
36858
22936
64070
49175
41493
43471
13419
24799
55137
31852
44864
23301
59691
55949
51862
48394
24948
18335
40979
44384
2306
17041
59405
51840
62944
36345
28130
53112
7105
25756
60204
25136
60103
18413
43641
561
27081
422
14260
32556
22835
12443
61679
47134
42938
32668
15720
38115
52185
44060
64843
50875
12705
17742
53885
22201
46375
35828
52387
64974
17337
56200
55276
44842
64158
20142
53844
17752
1691
61298
5361
27416
52444
18444
31305
19648
33199
59070
54841
27623
54515
46907
33641
51216
11318
37454
9367
2434
30945
12548
14504
12906
57947
45122
22075
43897
39495
60391
12899
3858
30981
23201
21692
34502
48051
27791
5338
44223
2146
13332
12678
56312
59937
51483
46107
33021
19056
8285
35176
1981
8578
14886
8348
19415
6128
39555
51026
13857
9326
63616
25424
22046
9094
18142
36245
36582
59473
30478
6928
18166
36859
13183
27677
16348
51377
57410
49285
16264
58337
21919
37255
57370
44395
24343
4347
9722
10765
14077
21511
17773
12539
9105
978
19219
50083
29309
18030
2935
40233
17185
47462
57387
36268
37712
3303
47685
17853
36207
1449
1346
33149
9848
19491
45146
25098
11883
37831
37233
58447
21134
56587
45685
1903
32437
9105
6661
28635
5620
58932
18828
20518
45982
3213
9967
39658
24569
39859
58829
2820
14444
1490
62826
19984
38280
11530
5007
35310
23200
11563
41978
